—354

11111 1111111111. 6111111111 11111111, 11111111, 11111
11111111 111111 111111 111111111111 1111111 111 tin 11111111
1111111111. 3111 111111 1111111 11111111 fid) 111 111 &es
111111ἰῴ1111, mit 11111111 [te 1111 1111111111 1111111111.
1111111111 11111 8111 1111111111 ³¹¹ 111111 1111111. 1111111111
111111 fic 1111111 111 111111111111. men 1111 1111111111
mittem, 11111 1111111111 111 61111111 11111111111111111
1111111111, 1111111 1111 auct Drten 11 (1111111111 au.
111111 1111111, 111 111 1111Ῐ11111111111111 111111111111111111111
in 111 111111111111111111111111 1111111111 1111111111 >nes
1111111111, 11111111 11111 mit 1111111111 11111111, 1111111111
8111111111 111 111111111111111111 11111111 1111111111 munte»
111 &tuate 511 111111111111111111161111111111 11111111·
11111 111 1111111111 11111 1111111 1111 1111111111111111111111·
, &o 1111 {ft 111111, 1111111111 111 111 11 11111 1111 111ς
1111111111) 1111111111 1111111111111 1111111111111111 11ε
11111111 111 11111 111 6111111 111 111 1111111111 111
1111111 1111111111 1111111 111111 11111111. 1111111111 11111
1111111111111111111111111111, 1111111111 111 1111111111
11111111111151111111. 11111 1111111111 11, 1111 111 111
111111 111“111111111111111 111 1111111111 13111111111111111
11111111111111111111111111111111111. 1111 1111 11, 111
111 fid, 11111111 1111111111 11111111 111111.
11111111111111111111111111 11111111 111111 111 111111
1111111111 1111111111. 1111111111 1. 1111111111 fid),
111 11 111 1111111111 &athe 11111) 1111111111 111 11111

1116111111111111111111111 (τὸν 111111 λόγον κρείττω ποιεῖν .
11111) 111111 111111111111111 1111111111 111111111111111111 1
1111111 111 1111111111. 11111111111111 11111111 611, 111
111 1111111) 111 11111 111 1111111111 (πάντων χρημάτων
μὲιρον ἅνθρωπος). ‘Dide beiben &dae (111αῆ1111111111 bie

1111111111111111111 11111111.
Due 1111111111 111 6111111111 111111 1118111, 111 111
11111111 1111111111 1111111111 fid) 111 11111111111ῐ111ζῖ

111 1111 1111111111111 111 1111111111 1111111111111111111Ι
, 111111. 1111111 1111111111 11111111 11111111111111111

81111111 111111 11111111. 1111111111 1111111111 ι
. ὃ,

 

