-410-

9999199999999999 91999999 9999999999 99991999 999999, meti
eine 9199919999999999919 919999 999999 91999 99999199 199,
999 99919 9199 99 9999 9199999 999999 999 9199 9999 9999 999
9999999999 9999999 9999 9999999999 9999999. 999919 999 3919
999 ’99999 9999 999 69999999, 999 9999919999 99 9 99 9,9999 9999999
999 91999 999199. 9999999999 99999 9199 99 999 99999999 91999
999999 999919 9919199999 9999 9999999 999. 919 (9999999 99999
99999 9999 9999999 999 999 999 11999 99999999 99991999 9999,
999 9999 tm 9999999 9999999. 999999 99999, 999 99999 999999
999 99999 919999 999 999 99919999 999 (91999999 999 999999
99999999 999999 9999991999 9999 (9 52—56). 999 99999999
19 9999999 999999 9999999 9999 99999 (999999 999 99999 9999
999999. 9999, lete 919 999999 999 919 69999999 999 99199919
9919, 99 91999 99999 99999999 99999, 9999 9999 9999999199 9919.
’ 99999 9999 999 999 999199999919999999999999, 999 99999199
999999 99999999, 9999999, 9999999999. 89 99999 391999
999999 9999999999 999 9991999 999 9199999999 99999 99999999
999999 99 99999999 99 99999 999 99999 999 999999 9999999999
99 9999999 999999, 999 99199 999999 9999999999999 9999
9999999. 9999 999 999999 999 919999 99999999 999999 999 999
999 999999 99 91999 99999 99999 9919 999, 9999999 919 8919 99
999 9999 999 999 999999 9999999999 99999999 619999
99999 9 9999999 9999199999 99999999 9991999 999919 99199 9995
99999999 (9199999999. 9999999999 9991999 9999999999 9919 999999
putauit 99999 919999 9199999999999999 9999 999 8199 999999
Ξ2 Cyrenaicorum restat sententia, qui tum aegritu-
52dinem censent existere, si necopinato quid eveneri⁶
Et id quidem magnum, u⁶ supra dixi3t etiam Chry·
99ἳὲ 999ἶί999999ἰῇ919999999999999
quam h0s⁶ ⁶1um repens advent tus magis aliquante con·
turbat tquam expectatus, et maris subita tempestas
quam ante provisa terret navigant es vehementius, et

smodi sunt pleraque Sed, curn diligenter nee·
*ntorum naturam consideres, nihil aliud reperias
,t

 

