1111111111111111111. 11111 1111111 111111111111 1111111

111111 1111 11111111111111111. 81111 1111111- 111 1111

’ ’1111111111111 11111111 1111111111, 1111111 1111111

Eheu 111 111111 111 111111111 1111111 1111111111 1111111111

111111 111, 111 1111111 111 1111111 111 11111111 11111111.

· 111 1111111 1111 111 111111 1111111111 111 1111111 11111·

11111111111111111 (1111111111, 111111 1111 1111111111 111111,

111 11111111 1111 11 1111, 111111111111111111111111111111
11111 111 111111111111 61111111111111111111111, 111111

> 1111111111 11111111-1111111. 11111 11111111, 1111111111

11111111 111111111111 111 1111 1111111111111 11 1111111,

- 11111111 1111111 111 11111 1111111111 1111111111111. 111 111111

1111111111 111 11111 1111111111 1111111 (δαιμόνιον), 111111,
111 11111111111111111,1111 111 1111111 11111111 1111111,

,11111111111111111111 11111111111111111111. 111

1111111111 (11111111 111 111 11111 111 (11111111 111

111111 1111111 111 (11111 11111111 1111, 111111111111111

11111111 111 111 Ι1111111 1111111111111111111111 11111111·
1111111111111 1111111. 11111 111 1111111 1111 1111111

1111 1111111111 111 11111111 111 &imme 111 (1111111111 11

> 11111111.

35 11111111 111111, 111 11111111 111 111111111113111111
1111111 11111 1111111111, 11111 1111111, - 11111 11111111 111
1111111, 111111 111 11111111111111111 1111111111111111 111
1111111111 1111111111 111 (1111111111 11 11111111. 11111

” 11111111111111,11111111111111111111111111111111

“ 1111111(111111111111111111111111 1111111111 111111 11 -

111 1111111 11111111111111.1111 11111111 1111111 11111111

1111111,11111111111111111. .

1111 111 1111111111 111 11111111 1111111111 1111 111
11111111111111 (11111111 1111111111 1111111111 13111111
111 111111111111 1111111111 11. 111111 111111111111
1111 1111111, 111 11 11111 111111 11111111 1111 111
1111111111111111111111 11111, 111111111 11, 111, 1111111
111111 1111 1111 11111 1111111111 11 11111111 11111,
111 11111 11111111 111 111 1111111111 1111111 11111111 111

111111 11111111111111111111(111111111111111111. 11

 

