--456-θ

51555 555 55555555 6555555 555 65555555 5. 5555. 27, 5555
(55555555 &eumq 555 55555555555555. 5555. 35. 535555,
55555555 ein 55555 555 555555τί5555 5555555555, 555555 55
5555, 555 55 5555555555 5555555555 55555555 5555555555.
{nicht 55 5555555555, in 555555 515555 5555 55555555 55555555
ein 55555555 555 5555 555 55555555 55555555 555555, 555555
555 5555555555 5555555555 555555555555 555555. (55 55555
55555 5555 5555555555, 5555 5555555 (55555555, 55555 555555
fid) in 5555 5555555555 5555555555 5555555 55555555. wie
&tnifer 55555555 555555 555 5555555 555 5555555555555 555
555555555555 5555555555555555555 555 55555ῐὶ55555 35555,
55555 55555 5555555555 55555 fic 55555 5555555555 5555555555
5555555555 5555555. fiber 555 8555 555 &uitet (ἱ. (5555 55).
555555 5555555555 5555555555 555 5555555555, mie 555
5555555555 555555 555 5355ῖοὶ55555, 555 55555 5155555 5555555555

’ 5555555555 (5. 5555. 80). wie 55555555 5555555 555 5555

555 (5555555, 555555 5555 55555 555 555 5555555555 555 555
555 5555555555, 555 555 55555 555 5555555555 5555555555
5555555555 555 55555555, 555555 mit 55555555 555555 55555555

555 555555555 (ἱ. (555510). 5555 55 555 5555555 de
natura deomm 5555555 5555555555 555 &ceto 555 555
(5555555, 555 &murm 555 bie 555555 55555555 55555555
555555 555 5555555555 5555555 oft 55 5555 55555555 Q:
5555555555 cistert, 555 5555555 5555555555 555 5555555555
5555555.

 

