-222-

1111111111111111111111 111111 11111 1111111 111111. “
Hane igitur paitem relictam explebimus nullis admini-
culis, sed, ut dicitur, Marte nost ro (111111 1111111111
111111 1111111 ubi turpitudo sit, ibi utilitatem esse non
posse (8). 11111 1111 1111 11111 11111 111 11111 111
1111 11 1111111, 1111 11111 1111 111111111111111 111 11111
1111 1111111111 1111111111 19). 11111 1111111111111111
11111 111111 8111111111 1111111111 1111 1111111111 111 11111
1111111111. 1111111111 1111 111 1111111111 1111111111.
1111 111 11111111111 1111111111 111111 111111 1111 111111
11111111111111111 111 11111111 1111111111 1111111111
1111111111 (10. 11). 1111111111 1111111111 11111 111
1111111111 1111111111, 11 1111111111 111 11 111 111 1111 §nee
1111111111111111111111111111111111111111111111112-25).
&o 1111 1111 11111 1111111111111111111111111111111,
11111 1111 11111111, 1111 11111111111 (13). 11111 1111111
1111111111111111111111111
111111 111111 11111111 1111111111 111 1111111111111111111
’ 1111111111111 1111111 (15). 11111111ῑί11 1111111111111111
11111111 11111 11111111, 111 111111111111111111111111
1111111 111111111 1111111116), 11111111, 1111 111 111
1111111111 11111 11111111 1111111111 1111 111 1111111111 111111
(17). 111111111111111 111111 11111111111111111111111
11111 1111 111111 11111111 111111111111111111111.1.,11111
111 1111111111 111, 111111 111 1111111111 111111 11 (18).
11111111 11111111111111111111111111 111 11111111 111 111
11111 119). 11111 111 11111 111 11111111 1111 11111
1111111111 11111111111111 11111111 111111111111 111111
(20). 11111 111 1111111111 111111111111111 1111111111 111
111111 1111111111. 11111121). 11111 11111111 1111111
’1111111 111111111111111111111111111 1111 111111 111111 (22).
11111111111 1111111 111111111111 &tile (23). 111 11111111
1111111111111111 1111111111 11111 11111111 1111111111
11111111 (24-25, 95).
11111 1111111111111 11111111111111 1111111 1111111111
Ι oft 11 1111111111 111-11). 1111 111 111111, 111

 

