.. 14 -
1111111111. 11 1111111, 1111 11 1111111111 ner

1111111111 1111111111 δ11δε1, 11111 1110111111, 111 ε1’
δ1111δ111 δ11 11111111 11 11111δ1111 1111111111, 1111 111
11111 1111111 1111111111, 111111 11111 111 δ11 1111111111
1111111111 111111111111111111 11111111 1111111111, 1111111 δ11
1111111111 ’11 1111 11111111 11111δ11 1111, δ11 δ11 111111
111111 1111111 δ1δ1111 11 1511111111 11111111 1111δ11 111. 1111
Ιδ111δ1ε 1111111 111111 1111 111111 δ111111111δ11111 11δ
1111111111, 11111111 1111 1111 1111111111111111111111
11111 δ111111111111δ111 1111111111, δ11 111 11δ1111 111 111111
611111 11δ111δ δ111111111111111111δε1ε,δ11 1111-
δ11δ1, 111 111 1111111111 11111.

11111111 1111111111111111111111111111 11 δ11111
111111 1111111111 11111111 δ11111111111111,11111δ1 1111δ1 111δ
1111111111 1111111111 11δ 111 11111111111111 1111111111 11
111111 111111, 1111111111, Ι1111δ 1111111111 1111111111. 11111
11111 11111 1111 1111111111, δ11 111111111111 111111111111
-δ11 11111111 11δ 1111111111, 11δ 111 111111 1111111111
111111111 1111 δ11 1111111111 1111111 11 11111111 11δ 11
11111δ11δ1 61111111 1111 δ11 11111111111 (11111 11δ δ11
11111111 δ11 111111111111 1111δ1 11111111 δ1111 1111111311 δ11
11111111 111 δε1111111111111 11δ11δ1111111111111111δ11111111
111111 -11δ11111 (1111111111 1111δ 1111 11111δ1111 11111 111111,Ι
1111 11 11111111 1111111 1111111 11111111 1111 111 δ11 8111111
1111111 111111111111111 11111111 11111111 1111111. 11111111
111111 1111, δ11 111111111δ11111 δε1111111111111, 11111 ’
11111111111111111111 1111111 1111 δ11 11111, δ11 1111 ’
1111111111 11δ 111 111111 11111111111111111111 111111 δ11
1111111111111111111111111 1111 111. 1111 11 111 111.
1111111111 6111111111 δ11 1111111111 11 1111111111 1111111111,111
, δ11 11111 1111111111 11 1111111111 1111 δ11 (1111111111
111111 11111111111δ, 11111 11111 11111111111111δ 1111111111
1111111111 6111111111 δ11111 611111111111 1111111111111
1111111 111111111 1111111111 111111. 111111 1111111111δ11
11111111 δ11111111111111, 1111111 11111 111 1111111 111111111111111
1111δ111111111 δ11 1111111111 111111111111111 δ11111 .
11111111 1111δ1. 11111 111 11111111, 1111111111 11 11111111

 

